object Form2: TForm2
  Width = 640
  Height = 480
  object WebLabel1: TWebLabel
    Left = 112
    Top = 40
    Width = 33
    Height = 13
    Caption = 'Points!'
    HeightPercent = 100.000000000000000000
    WidthPercent = 100.000000000000000000
  end
end
