object FrmPoints: TFrmPoints
  Width = 640
  Height = 480
  object WebLabel1: TWebLabel
    Left = 112
    Top = 40
    Width = 41
    Height = 17
    Caption = 'Points!'
    HeightPercent = 100.000000000000000000
    WidthPercent = 100.000000000000000000
  end
  object HomePage: TWebButton
    Left = 8
    Top = 8
    Width = 57
    Height = 25
    Caption = '< Home'
    ChildOrder = 4
    HeightPercent = 100.000000000000000000
    WidthPercent = 100.000000000000000000
    OnClick = HomePageClick
  end
  object Resetbtn: TWebButton
    Left = 456
    Top = 32
    Width = 96
    Height = 25
    Caption = 'Reset Points'
    ChildOrder = 2
    HeightPercent = 100.000000000000000000
    WidthPercent = 100.000000000000000000
    OnClick = ResetbtnClick
  end
end
