object FrmPoints: TFrmPoints
  Width = 640
  Height = 480
  object WebLabel1: TWebLabel
    Left = 112
    Top = 40
    Width = 33
    Height = 13
    Caption = 'Points!'
    HeightPercent = 100.000000000000000000
    WidthPercent = 100.000000000000000000
  end
  object WebButton1: TWebButton
    Left = 512
    Top = 35
    Width = 96
    Height = 25
    Caption = 'WebButton1'
    ChildOrder = 1
    HeightPercent = 100.000000000000000000
    WidthPercent = 100.000000000000000000
    OnClick = WebButton1Click
  end
end
