object Form1: TForm1
  Width = 640
  Height = 480
  object WebButton1: TWebButton
    Left = 287
    Top = 126
    Width = 96
    Height = 25
    Caption = 'WebButton1'
    HeightPercent = 100.000000000000000000
    WidthPercent = 100.000000000000000000
    OnClick = WebButton1Click
  end
  object WebListBox1: TWebListBox
    Left = 160
    Top = 168
    Width = 223
    Height = 153
    HeightPercent = 100.000000000000000000
    ItemHeight = 13
    ItemIndex = -1
    WidthPercent = 100.000000000000000000
  end
  object WebEdit1: TWebEdit
    Left = 160
    Top = 128
    Width = 121
    Height = 22
    ChildOrder = 2
    HeightPercent = 100.000000000000000000
    Text = 'WebEdit1'
    WidthPercent = 100.000000000000000000
  end
end
