object Form1: TForm1
  Width = 640
  Height = 480
  OnCreate = WebFormCreate
  object WebLabel1: TWebLabel
    Left = 56
    Top = 28
    Width = 121
    Height = 13
    Caption = 'CodeSec PROJECT NAME'
    HeightPercent = 100.000000000000000000
    WidthPercent = 100.000000000000000000
  end
  object WebImage1: TWebImageControl
    Left = 80
    Top = 112
    Width = 353
    Height = 225
    HeightPercent = 100.000000000000000000
    WidthPercent = 100.000000000000000000
    ChildOrder = 2
  end
  object WebButton1: TWebButton
    Left = 528
    Top = 8
    Width = 104
    Height = 33
    Caption = 'Points'
    ElementClassName = 'btn btn-primary'
    HeightStyle = ssAuto
    HeightPercent = 100.000000000000000000
    WidthStyle = ssAuto
    WidthPercent = 100.000000000000000000
  end
end
